     1     0     0     0      2  0  4  0
     2   256     0     0      2  0  4  0
     3   512     0     0      2  0  4  0
     4   768     0     0      2  0  4  0
     5  1024     0     0      2  0  4  0
     6  1280     0     0      2  0  4  0
     7  1536     0     0      2  0  4  0
     8  1792     0     0      2  0  4  0
     9  2048     0     0      2  0  4  0
    10  2304     0     0      2  0  4  0
    11  2560     0     0      2  0  4  0
    12  2816     0     0      2  0  4  0
    13  3072     0     0      2  0  0  0
    14  3328     0     0      0  0  0  0
    15  3584     0     0      0  0  0  0
    16  4096     0     0      0  0  4  0
    17  4352     0     0      2  0  4  0
    18  4608     0     0      2  0  4  0
    19  4864     0     0      2  0  4  0
    20  5120     0     0      2  0  4  0
    21  5376     0     0      2  0  4  0
    22  5632     0     0      2  0  4  0
    23  5888     0     0      2  0  4  0
    24  6144     0     0      2  0  4  0
    25  6400     0     0      2  0  4  0
    26  6656     0     0      2  0  4  0
    27  6912     0     0      2  0  4  0
    28  7168     0     0      2  0  4  0
    29  7424     0     0      0  0  0  0
    30  7680     0     0      0  0  0  0
    31  7936     0     0      0  0  0  0
    32  8192     0     0      2  0  4  0
    33  8448     0     0      2  0  4  0
    34  8704     0     0      2  0  4  0
    35  8960     0     0      2  0  4  0
    36  9216     0     0      2  0  4  0
    37  9472     0     0      2  0  4  0
    38  9728     0     0      2  0  4  0
    39  9984     0     0      2  0  4  0
    40 10240     0     0      2  0  4  0
    41 10496     0     0      2  0  4  0
    42 10752     0     0      2  0  4  0
    43 11008     0     0      2  0  4  0
    44 11264     0     0      2  0  0  0
    45 11520     0     0      0  0  0  0
    46 11776     0     0      0  0  0  0
    47 12032     2     3      0  0  4  0
