  2000     3    64
     1 1   1     3  3  1  46
     2 1   1     3  3  1  46
     3 1   1    16  2  1  46
     4 1   1    16  1  1  46
     5 1   1    15  4  1  50
     6 1   1    15  3  1  54
     7 1   1    15  2  1  54
     8 1   1    15  1  1  50
     9 1   1    14  4  1  50
    10 1   1    14  3  1  50
    11 1   1    14  2  1  50
    12 1   1    14  1  1  50
    13 1   1    13  4  1  50
    14 1   1    13  3  1  50
    15 1   1    31  4  1  46
    16 1   1    31  3  1  46
    17 1   1    31  2  1  50
    18 1   1    31  1  1  54
    19 1   1    30  4  1  54
    20 1   1    30  3  1  50
    21 1   1    30  2  1  50
    22 1   1    30  1  1  50
    23 1   1    29  4  1  50
    24 1   1    29  3  1  50
    25 1   1    29  2  1  50
    26 1   1    29  1  1  50
    27 1   1    47  2  1  46
    28 1   1    47  1  1  46
    29 1   1    46  4  1  50
    30 1   1    46  3  1  54
    31 1   1    46  2  1  54
    32 1   1    46  1  1  50
    33 1   1    45  4  1  50
    34 1   1    45  3  1  50
    35 1   1    45  2  1  50
    36 1   1    45  1  1  50
    37 1   1    44  4  1  50
    38 1   1    44  3  1  50
     0
     0
     0
     0
     0
     0
     0
     0
     0
     0
     0
     0
     0
     0
     0
     0
     0
     0
     0
     0
     0
     0
     0
     0
     0
     0
  2000     2    16
     1 1   1     3  1  2  82
     2 1   1     3  1  2  82
     3 1   1    13  1  2  82
     4 1   1    12  3  2  90
     5 1   1    12  1  2  82
     6 1   1    11  3  2  82
     7 1   1    28  3  2  82
     8 1   1    28  1  2  90
     9 1   1    27  3  2  82
    10 1   1    27  1  2  82
    11 1   1    44  1  2  82
    12 1   1    43  3  2  90
    13 1   1    43  1  2  82
    14 1   1    42  3  2  82
     0
     0
     1    13    64
     1 1   1     2  3  2  86
     2 1   1     2  1  2  82
     3 1   1     2  3  2  86
     4 1   1     2  1  2  82
     5 1   1     0  0  0   0
     6 1   1    11  1  2  86
     7 1   1    10  3  2  82
     8 1   1    10  1  2  82
     9 1   1     9  3  2  82
    10 1   1     9  1  2  82
    11 1   1     0  0  0   0
    12 1   1     0  0  0   0
    13 1   1     0  0  0   0
    14 1   1     0  0  0   0
    15 1   1     0  0  0   0
    16 1   1     0  0  0   0
    17 1   1     0  0  0   0
    18 1   1     0  0  0   0
    19 1   1     0  0  0   0
    20 1   1     0  0  0   0
    21 1   1    26  3  2  86
    22 1   1    26  1  2  82
    23 1   1    25  3  2  82
    24 1   1    25  1  2  82
    25 1   1    24  3  2  82
    26 1   1     0  0  0   0
    27 1   1    42  1  2  86
    28 1   1    41  3  2  82
    29 1   1    41  1  2  82
    30 1   1    40  3  2  82
    31 1   1    40  1  2  82
    32 1   1     0  0  0   0
    33 1   1     0  0  0   0
    34 1   1     0  0  0   0
    35 1   1     0  0  0   0
    36 1   1     0  0  0   0
    37 1   1     0  0  0   0
     0
     0
     0
     0
     0
     0
     0
     0
     0
     0
     0
     0
     0
     0
     0
     0
     0
     0
     0
     0
     0
     0
     0
     0
     0
     0
     0
     1    11    64
     1 1   1     1  3  2  68
     2 1   1     1  1  2  68
     3 1   1     1  3  2  68
     4 1   1     1  1  2  68
     5 1   1     8  3  2  84
     6 1   1     8  1  2  84
     7 1   1     7  3  2 100
     8 1   1     7  1  2  84
     9 1   1     6  3  2 100
    10 1   1     6  1  2  84
    11 1   1     5  3  2  84
    12 1   1     5  1  2  84
    13 1   1     4  3  2 100
    14 1   1     4  1  2 100
    15 1   1     3  3  2  84
    16 1   1     3  1  2  84
    17 1   1     2  3  2  84
    18 1   1     2  1  2 100
    19 1   1     1  3  2  84
    20 1   1     1  1  2 100
    21 1   1    24  1  2  84
    22 1   1    23  3  2  84
    23 1   1    23  1  2 100
    24 1   1    22  3  2  84
    25 1   1    22  1  2 100
    26 1   1    21  3  2  84
    27 1   1    21  1  2  84
    28 1   1    20  3  2  84
    29 1   1    20  1  2 100
    30 1   1    19  3  2 100
    31 1   1    19  1  2  84
    32 1   1    18  3  2  84
    33 1   1    18  1  2  84
    34 1   1    17  3  2 100
    35 1   1    17  1  2  84
    36 1   1    16  3  2 100
    37 1   1    39  3  2  84
    38 1   1    39  1  2  84
    39 1   1    38  3  2 100
    40 1   1    38  1  2  84
    41 1   1    37  3  2 100
    42 1   1    37  1  2  84
    43 1   1    36  3  2  84
    44 1   1    36  1  2  84
    45 1   1    35  3  2 100
    46 1   1    35  1  2 100
    47 1   1    34  3  2  84
    48 1   1    34  1  2  84
    49 1   1    33  3  2  84
    50 1   1    33  1  2 100
    51 1   1    32  3  2  84
    52 1   1    32  1  2 100
     0
     0
     0
     0
     0
     0
     0
     0
     0
     0
     0
     0
     1     9     4
     0
     0
     0
     0
     1     8     4
     0
     0
     0
     0
  2000     8     4
     0
     0
     0
     0
