     1    13     8
     1 1   1    16  1  2  86
     2 1   1    15  3  2  82
     3 1   1    15  1  2  82
     4 1   1    14  3  2  82
     5 1   1    14  1  2  82
     0
     0
     0
     1    11    16
     1 1   1    13  3  2  84
     2 1   1    13  1  2  84
     3 1   1    12  3  2 100
     4 1   1    12  1  2  84
     5 1   1    11  3  2 100
     6 1   1    11  1  2  84
     7 1   1    10  3  2  84
     8 1   1    10  1  2  84
     9 1   1     9  3  2 100
    10 1   1     9  1  2 100
    11 1   1     8  3  2  84
    12 1   1     8  1  2  84
    13 1   1     7  3  2  84
    14 1   1     7  1  2 100
    15 1   1     6  3  2  84
    16 1   1     6  1  2 100
     1     9     4
     0
     0
     0
     0
  2000     3    16
     1 1   1     5  4  1  46
     2 1   1     5  3  1  46
     3 1   1     5  2  1  50
     4 1   1     5  1  1  54
     5 1   1     4  4  1  54
     6 1   1     4  3  1  50
     7 1   1     4  2  1  50
     8 1   1     4  1  1  50
     9 1   1     3  4  1  50
    10 1   1     3  3  1  50
    11 1   1     3  2  1  50
    12 1   1     3  1  1  50
     0
     0
     0
     0
  2000     2     4
     1 1   1     2  3  2  82
     2 1   1     2  1  2  90
     3 1   1     1  3  2  82
     4 1   1     1  1  2  82
